Time taken to build model (full training data) : 23.08 seconds

=== Model and evaluation on test split ===

EM
==

Number of clusters selected by cross validation: 13
Number of iterations performed: 1


                          Cluster
Attribute                       0       1       2       3       4       5       6       7       8       9      10      11      12
                            (0.1)  (0.07)  (0.07)  (0.12)  (0.04)  (0.04)  (0.01)  (0.05)  (0.13)  (0.07)   (0.2)  (0.05)  (0.06)
==================================================================================================================================
company_location
  mean                      5.8141  5.8606  5.1317  5.9166  5.9662  6.3046    6.09  5.8763  5.3344  5.4815  6.2287  5.6564  5.5417
  std. dev.                 2.0322  1.7891  1.9723  1.7433  2.0267  1.4054  0.7336  1.8488  2.3548  1.9006  1.4349  1.9883  2.2461

country_of_bean_origin
  mean                     12.5843 14.2023 10.5697 13.3027  8.4917  12.452  10.773 10.5818 14.1024 12.1321 13.0117 13.0025 12.1527
  std. dev.                 6.0758  6.4298   6.328  5.9878  6.3525  5.3046   4.641  5.5759  5.9854  5.8642  5.9578   5.822  5.9445

cocoa_percent
  mean                     68.3709 72.7385 70.9662 71.5495 72.1783  73.293 71.1568 67.0993 71.6648 70.9277  73.318 71.4886 72.2832
  std. dev.                 5.9394  3.2938  4.7107  3.1267  4.4242  7.3691   6.774  7.0101  3.5871  6.1059    6.85  3.3859  5.0084

rating
  mean                      3.1269  3.2127  3.2023  3.4938  3.2691  3.2297  3.0456  2.9179  3.2845  3.1442  3.0919  3.0018  3.3662
  std. dev.                 0.3532  0.3786  0.4068  0.3245  0.4347  0.4849  0.5722  0.4018  0.3994  0.4987  0.4796  0.2929  0.3773

sweet
  mean                      0.6471   0.019  0.0469       0  0.0004  0.0526  0.0457  0.5045  0.0434  0.0569  0.1322  0.0706  0.0334
  std. dev.                 0.4779  0.1364  0.2114  0.0003  0.0206  0.2232  0.2089     0.5  0.2037  0.2317  0.3387  0.2562  0.1797

nutty
  mean                      0.0275  0.1751  0.1438   0.061  0.0005  0.0187  0.1364       0  0.2126  0.1332  0.1176   0.001  0.0929
  std. dev.                 0.1636    0.38  0.3508  0.2393  0.0225  0.1356  0.3432       0  0.4091  0.3398  0.3221  0.0316  0.2903

cocoa
  mean                      0.1478   0.058  0.1781   0.688  0.0692  0.1588       0  0.0964  0.0225  0.1917   0.074       0   0.091
  std. dev.                 0.3549  0.2337  0.3826  0.4633  0.2538  0.3655  0.3695  0.2952  0.1482  0.3936  0.2618  0.3695  0.2876

roasty
  mean                      0.0362  0.7998  0.0937  0.0119  0.0005  0.1345  0.0003  0.0298  0.0243  0.0019  0.0222  0.1134  0.0242
  std. dev.                 0.1867  0.4002  0.2914  0.1082  0.0222  0.3412  0.0171  0.1702   0.154  0.0439  0.1474  0.3171  0.1536

earthy
  mean                      0.0046  0.0261  0.0312  0.0065  0.1282       0  0.0909  0.0888  0.1207  0.0486  0.1799  0.0403  0.0695
  std. dev.                 0.0677  0.1593  0.1737  0.0803  0.3343  0.0028  0.2875  0.2844  0.3258  0.2151  0.3841  0.1968  0.2542

creamy
  mean                      0.0081  0.0376  0.0666   0.124  0.0268       0  0.1818  0.1005  0.1622  0.2117  0.0257  0.0056  0.1126
  std. dev.                 0.0897  0.1901  0.2494  0.3296  0.1615  0.0044  0.3857  0.3006  0.3687  0.4085  0.1582  0.0743  0.3161

sandy
  mean                      0.2779  0.0214  0.0298       0   0.049  0.0437       0  0.0944  0.0298  0.0823  0.0744  0.0321   0.075
  std. dev.                 0.4479  0.1446    0.17  0.0012  0.2158  0.2044  0.2537  0.2924    0.17  0.2748  0.2623  0.1762  0.2633

fatty
  mean                      0.0001   0.099  0.2009  0.0776  0.0011  0.0029  0.1364  0.0369  0.1085  0.0915  0.0524  0.0002  0.0218
  std. dev.                 0.0097  0.2987  0.4007  0.2675  0.0334  0.0541  0.3432  0.1884  0.3111  0.2883  0.2228  0.0134  0.1461

floral
  mean                           0       0  0.1605       0  0.9405       0  0.0455  0.0796  0.0208       0  0.0215  0.0194  0.1006
  std. dev.                 0.0014       0   0.367       0  0.2365       0  0.2083  0.2706  0.1426       0  0.1449  0.1379  0.3008

intense
  mean                      0.0004  0.0883  0.0947   0.042  0.2031  0.1619  0.0909  0.0669  0.0355  0.0051  0.1199  0.1096   0.001
  std. dev.                 0.0201  0.2838  0.2928  0.2005  0.4023  0.3684  0.2875  0.2498  0.1849  0.0714  0.3249  0.3123  0.0312

spicy
  mean                      0.0782  0.1195  0.0589  0.1047  0.0514       0  0.0909  0.0001  0.0807  0.0054  0.0454  0.0309   0.016
  std. dev.                 0.2685  0.3243  0.2355  0.3061  0.2208  0.0007  0.2875  0.0096  0.2724   0.073  0.2083   0.173  0.1254

sour
  mean                      0.0921       0  0.0824  0.0049       0  0.0012       0  0.0149  0.0508  0.0701  0.0364  0.9622  0.0577
  std. dev.                 0.2892  0.2762   0.275  0.0702       0  0.0345  0.2762   0.121  0.2196  0.2554  0.1873  0.1907  0.2332

vanilla
  mean                      0.0209   0.008  0.0813       0       0  0.0598  0.1815  0.5409       0   0.006  0.0001  0.0316  0.0179
  std. dev.                 0.1431  0.0892  0.2733  0.1982  0.0042  0.2371  0.3854  0.4983  0.1982  0.0771  0.0078  0.1748  0.1327

fruit
  mean                      0.1226       0       0  0.0631  0.0021  0.9192  0.0909  0.0115  0.0361  0.0304  0.0519  0.0716  0.9179
  std. dev.                  0.328  0.3395       0  0.2432  0.0463  0.2725  0.2875  0.1067  0.1866  0.1716  0.2219  0.2578  0.2745

molasses
  mean                      0.0486  0.0418       0       0       0  0.0317       0  0.0001  0.0311   0.078  0.0493  0.0748   0.143
  std. dev.                 0.2151  0.2002  0.0008  0.1966  0.0001  0.1751  0.1966  0.0075  0.1736  0.2682  0.2165  0.2631    0.35

woody
  mean                           0  0.1703  0.0583    0.01       0       0       0       0  0.0596  0.0643  0.0228  0.0003       0
  std. dev.                 0.1801  0.3759  0.2344  0.0995  0.0037  0.0028  0.1801  0.0038  0.2367  0.2452  0.1493  0.0185  0.1801

sticky
  mean                      0.0072  0.0191       0  0.0186  0.0487  0.0956  0.0455  0.0133  0.0001   0.044  0.1062  0.0181       0
  std. dev.                 0.0846  0.1367  0.0001  0.1352  0.2152   0.294  0.2083  0.1146  0.0083   0.205  0.3081  0.1334  0.1869

coffee
  mean                      0.0132  0.2128  0.0094  0.0373  0.0002       0  0.0455  0.0903       0  0.0002  0.0666  0.0001       0
  std. dev.                 0.1141  0.4093  0.0964  0.1894  0.0143       0  0.2083  0.2866  0.0024  0.0125  0.2494  0.0093  0.1918

rich
  mean                      0.0225  0.0609  0.0996  0.2173   0.012  0.0846       0  0.0247  0.0474  0.0698  0.0035  0.0088  0.0215
  std. dev.                 0.1482  0.2391  0.2995  0.4124   0.109  0.2782  0.2332  0.1553  0.2124  0.2548  0.0592  0.0933  0.1452

dried.fruit
  mean                      0.0041       0       0  0.0014       0     0.3  0.0455       0       0       0  0.0033       0  0.3322
  std. dev.                 0.0641  0.1801  0.1801  0.0376       0  0.4582  0.2083  0.0001  0.0005  0.1801  0.0575       0   0.471

ingredient_Beans
  mean                           1       1  0.9999  0.9989  0.9629  0.8903       1       1       1       1  0.8661  0.9019  0.9998
  std. dev.                 0.1886  0.1886  0.0104  0.0325   0.189  0.3126  0.1886       0   0.003       0  0.3405  0.2975  0.0158

ingredient_Sweetener
  mean                           1       1       1       1       1       1       1       1       1       1       1       1       1
  std. dev.                      0       0       0       0       0       0       0       0       0       0       0       0       0

ingredient_Cocoa_Butter
  mean                           1  0.6334  0.9423  0.6809  0.5616  0.0473  0.9545  0.9694  0.9466  0.9997  0.1202  0.2863  0.9561
  std. dev.                 0.4737  0.4819  0.2331  0.4661  0.4962  0.2123  0.2083  0.1722  0.2248  0.0172  0.3252  0.4521  0.2048

ingredient_vanilla
  mean                       0.018  0.0102  0.0986  0.0211  0.0561  0.0065  0.2272       1  0.0253   0.915       0  0.0078  0.0889
  std. dev.                 0.1329  0.1003  0.2981  0.1436    0.23  0.0805   0.419       0  0.1571  0.2789  0.3473   0.088  0.2846

ingredient_lecithin
  mean                      0.2484  0.0651  0.9265  0.0591  0.0168  0.0004  0.0457  0.6135  0.0542  0.6315       0  0.0336  0.1344
  std. dev.                 0.4321  0.2467   0.261  0.2359  0.1286  0.0193  0.2089  0.4869  0.2265  0.4824  0.3959  0.1802   0.341

ingredient_salt
  mean                           0       0       0       0       0       0       1  0.0148       0       0       0       0       0
  std. dev.                 0.1233       0       0       0  0.1233  0.1233  0.1233  0.1209       0  0.1233       0  0.1233  0.1233

number_of_ingredients
  mean                      3.2664  2.7086  3.9675  2.7622  2.6736  2.1669  4.2275  4.5978  3.0262  4.5462  2.2583  2.4311  3.1797
  std. dev.                 0.4422  0.5626  0.3982  0.5653   0.578  0.3893  0.5985  0.5195  0.3654  0.4986  0.4525   0.571  0.5066



Time taken to build model (percentage split) : 20.98 seconds

Clustered Instances

 0       15 (  2%)
 1       27 (  4%)
 2       91 ( 14%)
 3      129 ( 20%)
 4      101 ( 16%)
 5      113 ( 18%)
 6        5 (  1%)
 7       62 ( 10%)
 8       32 (  5%)
 9       24 (  4%)
10        8 (  1%)
11       29 (  5%)
12        3 (  0%)


Log likelihood: 41.98751